cluster_30,totpop_19,popchange,medage,labfor,pov,poc,highed,forborn,net_mig,highered_emp_qcew,highered_estab_qcew,hospital_emp_qcew,hospital_estab_qcew,inst_ipeds_enrollment_all,inst_ipeds_doctoralunihighrese,inst_ipeds_pellawards,inst_hosp_ahacommunityhospitals,inst_hosp_ahabeds,inst_hosp_nihresearchfunding
1,491022.1818181818,4.987474826953243,38.27272727272727,64.10909090909091,11.218181818181819,32.311634848353926,33.54545454545455,21.42727272727273,-1448.090909090909,5499.7309090909075,12.545454545454543,6392.904545454544,10.90909090909091,40323.545454545456,0.2727272727272727,7623311,5,839.8181818181819,0
2,994230.6666666666,7.819000876021992,37.266666666666666,63.833333333333336,14.4,38.49769962123553,31.41111111111111,6,-42.333333333333286,10541.177777777777,38.77777777777778,22937.854444444434,47.111111111111114,72342.44444444444,1.3333333333333333,18908493.555555556,15.333333333333334,2940.3333333333335,30670.888888888894
3,214126.05333333334,4.060406451744507,39.85066666666667,58.44,15.885333333333334,17.231718098453914,22.284,4.241333333333333,102.57333333333334,2152.2361333333324,7.386666666666667,4278.304133333333,8.84,17902.933333333334,0.14666666666666664,4262437.746666667,3.9733333333333336,632.1733333333334,32006.533333333296
4,2319054.6,19.071504544418236,36.69,67.13,11.48,26.89716598039307,37.07,14.1,12793.5,20997.793,91.1,40993.255999999994,65.2,168843.1,1.3,32397582.5,21.2,4944.8,42549376.4
5,246574.9722222222,7.490234137977234,38.015277777777776,64.73333333333333,11.868055555555555,13.372288809145745,26.31111111111111,6.188888888888889,-6.861111111110969,2306.8699999999994,9.847222222222221,5382.86125,8.833333333333332,17678.61111111111,0.06944444444444446,3593982.25,4.111111111111111,647.6666666666667,70810.22222222232
6,577068.8620689656,8.442606943227966,37.72586206896552,65.01379310344828,12.755172413793103,17.888910871566527,35.389655172413796,7.372413793103449,-22.068965517241608,8484.059827586201,24.60344827586207,13252.427241379308,22.655172413793103,53144.13793103448,0.8448275862068966,10354185.01724138,7.758620689655173,1521.5172413793102,2497805.948275861
7,253319.84615384616,10.775605046674002,32.23076923076923,61.05384615384615,19.192307692307693,20.70978060715951,41.03076923076923,9.261538461538462,-610.8461538461538,13323.321538461523,10,10488.973846153845,8.384615384615385,60102.38461538462,1.1538461538461537,9693681.153846154,4.384615384615385,871.6923076923077,0
8,299882.46153846156,9.290795709903032,35.95,59.55769230769231,19.826923076923077,43.585060761068824,25.08076923076923,3.8153846153846156,-271.6538461538462,3640.4411538461527,9.307692307692308,7202.344999999999,14.384615384615385,27036.53846153846,0.423076923076923,8627373.46153846,5.6923076923076925,963.6923076923077,4124492.73076923
9,447905.06666666665,8.002274529941902,32.086666666666666,58.36,22.06,23.57170413320264,17.84,22.613333333333333,-504.9333333333333,3765.8259999999996,9.733333333333333,5271.933333333333,12.6,37474.53333333333,0.2666666666666667,13731187.733333332,4.933333333333334,859.0666666666667,0
10,575400,2.5527116791748794,39.55,66.7,8.8,71.78968128885,31.1,19.2,-3494.5,8047.424999999999,77,9523.839999999998,26,35499,0.5,5552366.5,7.5,1122,1558151
11,342088.63636363635,10.687640354816526,50.82727272727273,47.78181818181818,14.181818181818182,15.219975154482873,22.472727272727273,8.936363636363636,4332.454545454545,1566.56909090909,7.818181818181818,4873.007272727273,10.90909090909091,18152.272727272728,0.0909090909090909,3493038.3636363638,4,822.4545454545455,0
12,125044,0,67.4,22.5,8.200000000000001,10.999328236460766,31.8,5.3,2779,383.44,2,1157.02,5,193,0,372140,1,40,0
13,637543.3333333334,18.178694922242926,50.6,52.03333333333333,11.533333333333333,12.839931482707986,32.46666666666667,18.2,11639.666666666666,2174.096666666667,14.666666666666666,9753.243333333334,18,24085.666666666668,0,7797759,5,1583.3333333333333,0
14,328124.3333333333,9.772404581777774,39.7,66.56666666666666,10.5,11.814584496324802,48.583333333333336,8.033333333333333,-24.333333333333332,6303.509999999998,16,10454.058333333316,10,37981.166666666664,0.8333333333333334,6016021.166666666,4.833333333333333,795.1666666666666,0
15,2197690.2,6.5246436426350645,37.91,67.07000000000001,11.6,22.133516014684027,35.52,7.21,-2119.2,26835.060999999998,70.6,58981.10299999999,79.7,198781.3,1.7,28546775.5,29.8,6027,15759069.5
16,404417,227.82947747280363,45.5,57.4,12.6,23.640697596787476,27.3,7.1,2044,2679.85999999999,9,6288.38,17,17204,1,3623992,5,651,0
17,386114.5,72.53606678814961,40.3,58.55,17.3,26.972329367632128,23.125,3.8,1480,2427.6474999999973,8.5,7258.817499999997,23.5,18866.75,0.25,8271446.75,7.5,992.25,0
18,2821709.5,31.84679220601763,39.8,63.45,12.600000000000001,27.683551180613946,32.75,12.000000000000002,19574.5,20714.15,75,52174.095,205,178217.5,1,104885184,28.5,6883.5,1398500.5
19,3461420.8,6.809082955939516,37.22,63.52,12.88,34.85319008390487,33.1,16.740000000000002,-7903.6,36910.576,83.2,61340.744,107.2,288007.2,2,53080562.2,28.2,7143,6897713.4
20,6090660,11.166373935934581,41,63,14.6,29.79406172730049,32.300000000000004,40.699999999999996,4355,42838.46,176,115922.73,251,466057,4,139846332,53,16323,0
21,4761603,16.685736074655686,36.7,62.8,13.700000000000001,22.16782877530949,31.5,14.299999999999999,43383,41731.64,186,73618.61,177,695055,3,82766856,43,9076,5785915
22,3344589,10.782462085610767,38.05,67.55000000000001,8.25,52.689187318299446,50.6,34.65,-2523,44293.62,199,50936.17,67.5,304069.5,1,36586286,25.5,6512,12793657.5
23,6373281,17.48179165904248,35.349999999999994,66.95,12.9,40.77722389761037,35.7,18.6,13435.5,54494.315,128.5,104656.02999999994,234.5,377345.5,4,89157133,64,13279.5,709174.5
24,6196585,14.397978396773969,37,71.6,7.8,46.53421198934574,50.9,22.8,-17322,71595.72,375,88087.88,231,588021,8,56669857,44,9819,714947
25,7320663,18.952677533385387,34.8,68.8,11.700000000000001,31.661681462457704,35.199999999999996,18.7,32164,65395.53,105,113095.06,290,555130,5,86739849,117,16098,0
26,4832346,7.642612908615032,38.7,69.19999999999999,9.3,23.979098350987286,48.1,18.9,-14396,107495.819999999,187,162454.54,163,465068,10,64571543,51,11218,1493582289
27,6079130,2.833258734719557,38.8,65.3,12.4,33.39762433111317,37.9,11,-13925,96612.25,179,154254.05,165,465297,8,92844928,66,16257,166663387
28,9508605,1.3207083345898152,37.5,66.8,11.799999999999999,34.260525071763944,38,17.7,-49738,121732.2,225,198767.85,210,736960,7,112075361,94,24076,17023249
29,13249614,4.132678800428891,36.8,64.9,13.900000000000002,46.41575218719579,34.5,33.1,-36154,172302.85,346,185720.419999999,285,1417716,8,261899936,115,27265,97482958
30,19294236,3.1737877402013837,38.6,64.7,12.8,42.45709962291329,40.400000000000006,29.5,-138257,194460.07,459,428063.799999999,332,1362215,16,409869724,132,48894,87151892
